PC	OP	l	m
0	JMP	0	32
1	JMP	0	25
2	JMP	0	18
3	JMP	0	11
4	JMP	0	5
5	INT	0	5
6	LIT	0	100
7	STO	0	4
8	LOD	0	4
9	WRT	0	1
10	OPR	0	0
11	INT	0	5
12	LIT	0	4232
13	STO	0	4
14	LOD	0	4
15	WRT	0	1
16	CAL	0	5
17	OPR	0	0
18	INT	0	5
19	LIT	0	56
20	STO	0	4
21	LOD	0	4
22	WRT	0	1
23	CAL	0	11
24	OPR	0	0
25	INT	0	5
26	LIT	0	45
27	STO	0	4
28	LOD	0	4
29	WRT	0	1
30	CAL	0	18
31	OPR	0	0
32	INT	0	5
33	LIT	0	12
34	STO	0	4
35	LOD	0	4
36	WRT	0	1
37	CAL	0	25
38	LOD	0	4
39	WRT	0	1
40	OPR	0	0


				PC	BP	SP	Stack
				0	1	0 
0	JMP	0	32	32 	1	0	
32	INT	0	5	33 	1	5	0 0 0 0 0 
33	LIT	0	12	34 	1	6	0 0 0 0 0 12 
34	STO	0	4	35 	1	5	0 0 0 0 12 
35	LOD	0	4	36 	1	6	0 0 0 0 12 12 
36	WRT	0	1	37 	1	5	0 0 0 0 12 
37	CAL	0	25	25 	6	5	0 0 0 0 12 # 0 1 1 38 
25	INT	0	5	26 	6	10	0 0 0 0 12 # 0 1 1 38 0 
26	LIT	0	45	27 	6	11	0 0 0 0 12 # 0 1 1 38 0 45 
27	STO	0	4	28 	6	10	0 0 0 0 12 # 0 1 1 38 45 
28	LOD	0	4	29 	6	11	0 0 0 0 12 # 0 1 1 38 45 45 
29	WRT	0	1	30 	6	10	0 0 0 0 12 # 0 1 1 38 45 
30	CAL	0	18	18 	11	10	0 0 0 0 12 # 0 1 1 38 45 # 0 6 6 31 
18	INT	0	5	19 	11	15	0 0 0 0 12 # 0 1 1 38 45 # 0 6 6 31 0 
19	LIT	0	56	20 	11	16	0 0 0 0 12 # 0 1 1 38 45 # 0 6 6 31 0 56 
20	STO	0	4	21 	11	15	0 0 0 0 12 # 0 1 1 38 45 # 0 6 6 31 56 
21	LOD	0	4	22 	11	16	0 0 0 0 12 # 0 1 1 38 45 # 0 6 6 31 56 56 
22	WRT	0	1	23 	11	15	0 0 0 0 12 # 0 1 1 38 45 # 0 6 6 31 56 
23	CAL	0	11	11 	16	15	0 0 0 0 12 # 0 1 1 38 45 # 0 6 6 31 56 # 0 11 11 24 
11	INT	0	5	12 	16	20	0 0 0 0 12 # 0 1 1 38 45 # 0 6 6 31 56 # 0 11 11 24 0 
12	LIT	0	4232	13 	16	21	0 0 0 0 12 # 0 1 1 38 45 # 0 6 6 31 56 # 0 11 11 24 0 4232 
13	STO	0	4	14 	16	20	0 0 0 0 12 # 0 1 1 38 45 # 0 6 6 31 56 # 0 11 11 24 4232 
14	LOD	0	4	15 	16	21	0 0 0 0 12 # 0 1 1 38 45 # 0 6 6 31 56 # 0 11 11 24 4232 4232 
15	WRT	0	1	16 	16	20	0 0 0 0 12 # 0 1 1 38 45 # 0 6 6 31 56 # 0 11 11 24 4232 
16	CAL	0	5	5 	21	20	0 0 0 0 12 # 0 1 1 38 45 # 0 6 6 31 56 # 0 11 11 24 4232 # 0 16 16 17 
5	INT	0	5	6 	21	25	0 0 0 0 12 # 0 1 1 38 45 # 0 6 6 31 56 # 0 11 11 24 4232 # 0 16 16 17 0 
6	LIT	0	100	7 	21	26	0 0 0 0 12 # 0 1 1 38 45 # 0 6 6 31 56 # 0 11 11 24 4232 # 0 16 16 17 0 100 
7	STO	0	4	8 	21	25	0 0 0 0 12 # 0 1 1 38 45 # 0 6 6 31 56 # 0 11 11 24 4232 # 0 16 16 17 100 
8	LOD	0	4	9 	21	26	0 0 0 0 12 # 0 1 1 38 45 # 0 6 6 31 56 # 0 11 11 24 4232 # 0 16 16 17 100 100 
9	WRT	0	1	10 	21	25	0 0 0 0 12 # 0 1 1 38 45 # 0 6 6 31 56 # 0 11 11 24 4232 # 0 16 16 17 100 
10	OPR	0	0	17 	16	20	0 0 0 0 12 # 0 1 1 38 45 # 0 6 6 31 56 # 0 11 11 24 4232 
17	OPR	0	0	24 	11	15	0 0 0 0 12 # 0 1 1 38 45 # 0 6 6 31 56 
24	OPR	0	0	31 	6	10	0 0 0 0 12 # 0 1 1 38 45 
31	OPR	0	0	38 	1	5	0 0 0 0 12 
38	LOD	0	4	39 	1	6	0 0 0 0 12 12 
39	WRT	0	1	40 	1	5	0 0 0 0 12 
40	OPR	0	0	0 	0	0	
